0023           35 1
002A           42 1
0030..0039     48 57 2
00A9           169 1
00AE           174 1
203C           8252 1
2049           8265 1
2122           8482 1
2139           8505 1
2194..2199     8596 8601 2
21A9..21AA     8617 8618 2
231A..231B     8986 8987 2
2328           9000 1
23CF           9167 1
23E9..23EC     9193 9196 2
23ED..23EE     9197 9198 2
23EF           9199 1
23F0           9200 1
23F1..23F2     9201 9202 2
23F3           9203 1
23F8..23FA     9208 9210 2
24C2           9410 1
25AA..25AB     9642 9643 2
25B6           9654 1
25C0           9664 1
25FB..25FE     9723 9726 2
2600..2601     9728 9729 2
2602..2603     9730 9731 2
2604           9732 1
260E           9742 1
2611           9745 1
2614..2615     9748 9749 2
2618           9752 1
261D           9757 1
2620           9760 1
2622..2623     9762 9763 2
2626           9766 1
262A           9770 1
262E           9774 1
262F           9775 1
2638..2639     9784 9785 2
263A           9786 1
2640           9792 1
2642           9794 1
2648..2653     9800 9811 2
265F           9823 1
2660           9824 1
2663           9827 1
2665..2666     9829 9830 2
2668           9832 1
267B           9851 1
267E           9854 1
267F           9855 1
2692           9874 1
2693           9875 1
2694           9876 1
2695           9877 1
2696..2697     9878 9879 2
2699           9881 1
269B..269C     9883 9884 2
26A0..26A1     9888 9889 2
26A7           9895 1
26AA..26AB     9898 9899 2
26B0..26B1     9904 9905 2
26BD..26BE     9917 9918 2
26C4..26C5     9924 9925 2
26C8           9928 1
26CE           9934 1
26CF           9935 1
26D1           9937 1
26D3           9939 1
26D4           9940 1
26E9           9961 1
26EA           9962 1
26F0..26F1     9968 9969 2
26F2..26F3     9970 9971 2
26F4           9972 1
26F5           9973 1
26F7..26F9     9975 9977 2
26FA           9978 1
26FD           9981 1
2702           9986 1
2705           9989 1
2708..270C     9992 9996 2
270D           9997 1
270F           9999 1
2712           10002 1
2714           10004 1
2716           10006 1
271D           10013 1
2721           10017 1
2728           10024 1
2733..2734     10035 10036 2
2744           10052 1
2747           10055 1
274C           10060 1
274E           10062 1
2753..2755     10067 10069 2
2757           10071 1
2763           10083 1
2764           10084 1
2795..2797     10133 10135 2
27A1           10145 1
27B0           10160 1
27BF           10175 1
2934..2935     10548 10549 2
2B05..2B07     11013 11015 2
2B1B..2B1C     11035 11036 2
2B50           11088 1
2B55           11093 1
3030           12336 1
303D           12349 1
3297           12951 1
3299           12953 1
1F004          126980 1
1F0CF          127183 1
1F170..1F171   127344 127345 2
1F17E..1F17F   127358 127359 2
1F18E          127374 1
1F191..1F19A   127377 127386 2
1F1E6..1F1FF   127462 127487 2
1F201..1F202   127489 127490 2
1F21A          127514 1
1F22F          127535 1
1F232..1F23A   127538 127546 2
1F250..1F251   127568 127569 2
1F300..1F30C   127744 127756 2
1F30D..1F30E   127757 127758 2
1F30F          127759 1
1F310          127760 1
1F311          127761 1
1F312          127762 1
1F313..1F315   127763 127765 2
1F316..1F318   127766 127768 2
1F319          127769 1
1F31A          127770 1
1F31B          127771 1
1F31C          127772 1
1F31D..1F31E   127773 127774 2
1F31F..1F320   127775 127776 2
1F321          127777 1
1F324..1F32C   127780 127788 2
1F32D..1F32F   127789 127791 2
1F330..1F331   127792 127793 2
1F332..1F333   127794 127795 2
1F334..1F335   127796 127797 2
1F336          127798 1
1F337..1F34A   127799 127818 2
1F34B          127819 1
1F34C..1F34F   127820 127823 2
1F350          127824 1
1F351..1F37B   127825 127867 2
1F37C          127868 1
1F37D          127869 1
1F37E..1F37F   127870 127871 2
1F380..1F393   127872 127891 2
1F396..1F397   127894 127895 2
1F399..1F39B   127897 127899 2
1F39E..1F39F   127902 127903 2
1F3A0..1F3C4   127904 127940 2
1F3C5          127941 1
1F3C6          127942 1
1F3C7          127943 1
1F3C8          127944 1
1F3C9          127945 1
1F3CA          127946 1
1F3CB..1F3CE   127947 127950 2
1F3CF..1F3D3   127951 127955 2
1F3D4..1F3DF   127956 127967 2
1F3E0..1F3E3   127968 127971 2
1F3E4          127972 1
1F3E5..1F3F0   127973 127984 2
1F3F3          127987 1
1F3F4          127988 1
1F3F5          127989 1
1F3F7          127991 1
1F3F8..1F407   127992 128007 2
1F408          128008 1
1F409..1F40B   128009 128011 2
1F40C..1F40E   128012 128014 2
1F40F..1F410   128015 128016 2
1F411..1F412   128017 128018 2
1F413          128019 1
1F414          128020 1
1F415          128021 1
1F416          128022 1
1F417..1F429   128023 128041 2
1F42A          128042 1
1F42B..1F43E   128043 128062 2
1F43F          128063 1
1F440          128064 1
1F441          128065 1
1F442..1F464   128066 128100 2
1F465          128101 1
1F466..1F46B   128102 128107 2
1F46C..1F46D   128108 128109 2
1F46E..1F4AC   128110 128172 2
1F4AD          128173 1
1F4AE..1F4B5   128174 128181 2
1F4B6..1F4B7   128182 128183 2
1F4B8..1F4EB   128184 128235 2
1F4EC..1F4ED   128236 128237 2
1F4EE          128238 1
1F4EF          128239 1
1F4F0..1F4F4   128240 128244 2
1F4F5          128245 1
1F4F6..1F4F7   128246 128247 2
1F4F8          128248 1
1F4F9..1F4FC   128249 128252 2
1F4FD          128253 1
1F4FF..1F502   128255 128258 2
1F503          128259 1
1F504..1F507   128260 128263 2
1F508          128264 1
1F509          128265 1
1F50A..1F514   128266 128276 2
1F515          128277 1
1F516..1F52B   128278 128299 2
1F52C..1F52D   128300 128301 2
1F52E..1F53D   128302 128317 2
1F549..1F54A   128329 128330 2
1F54B..1F54E   128331 128334 2
1F550..1F55B   128336 128347 2
1F55C..1F567   128348 128359 2
1F56F..1F570   128367 128368 2
1F573..1F579   128371 128377 2
1F57A          128378 1
1F587          128391 1
1F58A..1F58D   128394 128397 2
1F590          128400 1
1F595..1F596   128405 128406 2
1F5A4          128420 1
1F5A5          128421 1
1F5A8          128424 1
1F5B1..1F5B2   128433 128434 2
1F5BC          128444 1
1F5C2..1F5C4   128450 128452 2
1F5D1..1F5D3   128465 128467 2
1F5DC..1F5DE   128476 128478 2
1F5E1          128481 1
1F5E3          128483 1
1F5E8          128488 1
1F5EF          128495 1
1F5F3          128499 1
1F5FA          128506 1
1F5FB..1F5FF   128507 128511 2
1F600          128512 1
1F601..1F606   128513 128518 2
1F607..1F608   128519 128520 2
1F609..1F60D   128521 128525 2
1F60E          128526 1
1F60F          128527 1
1F610          128528 1
1F611          128529 1
1F612..1F614   128530 128532 2
1F615          128533 1
1F616          128534 1
1F617          128535 1
1F618          128536 1
1F619          128537 1
1F61A          128538 1
1F61B          128539 1
1F61C..1F61E   128540 128542 2
1F61F          128543 1
1F620..1F625   128544 128549 2
1F626..1F627   128550 128551 2
1F628..1F62B   128552 128555 2
1F62C          128556 1
1F62D          128557 1
1F62E..1F62F   128558 128559 2
1F630..1F633   128560 128563 2
1F634          128564 1
1F635          128565 1
1F636          128566 1
1F637..1F640   128567 128576 2
1F641..1F644   128577 128580 2
1F645..1F64F   128581 128591 2
1F680          128640 1
1F681..1F682   128641 128642 2
1F683..1F685   128643 128645 2
1F686          128646 1
1F687          128647 1
1F688          128648 1
1F689          128649 1
1F68A..1F68B   128650 128651 2
1F68C          128652 1
1F68D          128653 1
1F68E          128654 1
1F68F          128655 1
1F690          128656 1
1F691..1F693   128657 128659 2
1F694          128660 1
1F695          128661 1
1F696          128662 1
1F697          128663 1
1F698          128664 1
1F699..1F69A   128665 128666 2
1F69B..1F6A1   128667 128673 2
1F6A2          128674 1
1F6A3          128675 1
1F6A4..1F6A5   128676 128677 2
1F6A6          128678 1
1F6A7..1F6AD   128679 128685 2
1F6AE..1F6B1   128686 128689 2
1F6B2          128690 1
1F6B3..1F6B5   128691 128693 2
1F6B6          128694 1
1F6B7..1F6B8   128695 128696 2
1F6B9..1F6BE   128697 128702 2
1F6BF          128703 1
1F6C0          128704 1
1F6C1..1F6C5   128705 128709 2
1F6CB          128715 1
1F6CC          128716 1
1F6CD..1F6CF   128717 128719 2
1F6D0          128720 1
1F6D1..1F6D2   128721 128722 2
1F6D5          128725 1
1F6D6..1F6D7   128726 128727 2
1F6E0..1F6E5   128736 128741 2
1F6E9          128745 1
1F6EB..1F6EC   128747 128748 2
1F6F0          128752 1
1F6F3          128755 1
1F6F4..1F6F6   128756 128758 2
1F6F7..1F6F8   128759 128760 2
1F6F9          128761 1
1F6FA          128762 1
1F6FB..1F6FC   128763 128764 2
1F7E0..1F7EB   128992 129003 2
1F90C          129292 1
1F90D..1F90F   129293 129295 2
1F910..1F918   129296 129304 2
1F919..1F91E   129305 129310 2
1F91F          129311 1
1F920..1F927   129312 129319 2
1F928..1F92F   129320 129327 2
1F930          129328 1
1F931..1F932   129329 129330 2
1F933..1F93A   129331 129338 2
1F93C..1F93E   129340 129342 2
1F93F          129343 1
1F940..1F945   129344 129349 2
1F947..1F94B   129351 129355 2
1F94C          129356 1
1F94D..1F94F   129357 129359 2
1F950..1F95E   129360 129374 2
1F95F..1F96B   129375 129387 2
1F96C..1F970   129388 129392 2
1F971          129393 1
1F972          129394 1
1F973..1F976   129395 129398 2
1F977..1F978   129399 129400 2
1F97A          129402 1
1F97B          129403 1
1F97C..1F97F   129404 129407 2
1F980..1F984   129408 129412 2
1F985..1F991   129413 129425 2
1F992..1F997   129426 129431 2
1F998..1F9A2   129432 129442 2
1F9A3..1F9A4   129443 129444 2
1F9A5..1F9AA   129445 129450 2
1F9AB..1F9AD   129451 129453 2
1F9AE..1F9AF   129454 129455 2
1F9B0..1F9B9   129456 129465 2
1F9BA..1F9BF   129466 129471 2
1F9C0          129472 1
1F9C1..1F9C2   129473 129474 2
1F9C3..1F9CA   129475 129482 2
1F9CB          129483 1
1F9CD..1F9CF   129485 129487 2
1F9D0..1F9E6   129488 129510 2
1F9E7..1F9FF   129511 129535 2
1FA70..1FA73   129648 129651 2
1FA74          129652 1
1FA78..1FA7A   129656 129658 2
1FA80..1FA82   129664 129666 2
1FA83..1FA86   129667 129670 2
1FA90..1FA95   129680 129685 2
1FA96..1FAA8   129686 129704 2
1FAB0..1FAB6   129712 129718 2
1FAC0..1FAC2   129728 129730 2
1FAD0..1FAD6   129744 129750 2
231A..231B     8986 8987 2
23E9..23EC     9193 9196 2
23F0           9200 1
23F3           9203 1
25FD..25FE     9725 9726 2
2614..2615     9748 9749 2
2648..2653     9800 9811 2
267F           9855 1
2693           9875 1
26A1           9889 1
26AA..26AB     9898 9899 2
26BD..26BE     9917 9918 2
26C4..26C5     9924 9925 2
26CE           9934 1
26D4           9940 1
26EA           9962 1
26F2..26F3     9970 9971 2
26F5           9973 1
26FA           9978 1
26FD           9981 1
2705           9989 1
270A..270B     9994 9995 2
2728           10024 1
274C           10060 1
274E           10062 1
2753..2755     10067 10069 2
2757           10071 1
2795..2797     10133 10135 2
27B0           10160 1
27BF           10175 1
2B1B..2B1C     11035 11036 2
2B50           11088 1
2B55           11093 1
1F004          126980 1
1F0CF          127183 1
1F18E          127374 1
1F191..1F19A   127377 127386 2
1F1E6..1F1FF   127462 127487 2
1F201          127489 1
1F21A          127514 1
1F22F          127535 1
1F232..1F236   127538 127542 2
1F238..1F23A   127544 127546 2
1F250..1F251   127568 127569 2
1F300..1F30C   127744 127756 2
1F30D..1F30E   127757 127758 2
1F30F          127759 1
1F310          127760 1
1F311          127761 1
1F312          127762 1
1F313..1F315   127763 127765 2
1F316..1F318   127766 127768 2
1F319          127769 1
1F31A          127770 1
1F31B          127771 1
1F31C          127772 1
1F31D..1F31E   127773 127774 2
1F31F..1F320   127775 127776 2
1F32D..1F32F   127789 127791 2
1F330..1F331   127792 127793 2
1F332..1F333   127794 127795 2
1F334..1F335   127796 127797 2
1F337..1F34A   127799 127818 2
1F34B          127819 1
1F34C..1F34F   127820 127823 2
1F350          127824 1
1F351..1F37B   127825 127867 2
1F37C          127868 1
1F37E..1F37F   127870 127871 2
1F380..1F393   127872 127891 2
1F3A0..1F3C4   127904 127940 2
1F3C5          127941 1
1F3C6          127942 1
1F3C7          127943 1
1F3C8          127944 1
1F3C9          127945 1
1F3CA          127946 1
1F3CF..1F3D3   127951 127955 2
1F3E0..1F3E3   127968 127971 2
1F3E4          127972 1
1F3E5..1F3F0   127973 127984 2
1F3F4          127988 1
1F3F8..1F407   127992 128007 2
1F408          128008 1
1F409..1F40B   128009 128011 2
1F40C..1F40E   128012 128014 2
1F40F..1F410   128015 128016 2
1F411..1F412   128017 128018 2
1F413          128019 1
1F414          128020 1
1F415          128021 1
1F416          128022 1
1F417..1F429   128023 128041 2
1F42A          128042 1
1F42B..1F43E   128043 128062 2
1F440          128064 1
1F442..1F464   128066 128100 2
1F465          128101 1
1F466..1F46B   128102 128107 2
1F46C..1F46D   128108 128109 2
1F46E..1F4AC   128110 128172 2
1F4AD          128173 1
1F4AE..1F4B5   128174 128181 2
1F4B6..1F4B7   128182 128183 2
1F4B8..1F4EB   128184 128235 2
1F4EC..1F4ED   128236 128237 2
1F4EE          128238 1
1F4EF          128239 1
1F4F0..1F4F4   128240 128244 2
1F4F5          128245 1
1F4F6..1F4F7   128246 128247 2
1F4F8          128248 1
1F4F9..1F4FC   128249 128252 2
1F4FF..1F502   128255 128258 2
1F503          128259 1
1F504..1F507   128260 128263 2
1F508          128264 1
1F509          128265 1
1F50A..1F514   128266 128276 2
1F515          128277 1
1F516..1F52B   128278 128299 2
1F52C..1F52D   128300 128301 2
1F52E..1F53D   128302 128317 2
1F54B..1F54E   128331 128334 2
1F550..1F55B   128336 128347 2
1F55C..1F567   128348 128359 2
1F57A          128378 1
1F595..1F596   128405 128406 2
1F5A4          128420 1
1F5FB..1F5FF   128507 128511 2
1F600          128512 1
1F601..1F606   128513 128518 2
1F607..1F608   128519 128520 2
1F609..1F60D   128521 128525 2
1F60E          128526 1
1F60F          128527 1
1F610          128528 1
1F611          128529 1
1F612..1F614   128530 128532 2
1F615          128533 1
1F616          128534 1
1F617          128535 1
1F618          128536 1
1F619          128537 1
1F61A          128538 1
1F61B          128539 1
1F61C..1F61E   128540 128542 2
1F61F          128543 1
1F620..1F625   128544 128549 2
1F626..1F627   128550 128551 2
1F628..1F62B   128552 128555 2
1F62C          128556 1
1F62D          128557 1
1F62E..1F62F   128558 128559 2
1F630..1F633   128560 128563 2
1F634          128564 1
1F635          128565 1
1F636          128566 1
1F637..1F640   128567 128576 2
1F641..1F644   128577 128580 2
1F645..1F64F   128581 128591 2
1F680          128640 1
1F681..1F682   128641 128642 2
1F683..1F685   128643 128645 2
1F686          128646 1
1F687          128647 1
1F688          128648 1
1F689          128649 1
1F68A..1F68B   128650 128651 2
1F68C          128652 1
1F68D          128653 1
1F68E          128654 1
1F68F          128655 1
1F690          128656 1
1F691..1F693   128657 128659 2
1F694          128660 1
1F695          128661 1
1F696          128662 1
1F697          128663 1
1F698          128664 1
1F699..1F69A   128665 128666 2
1F69B..1F6A1   128667 128673 2
1F6A2          128674 1
1F6A3          128675 1
1F6A4..1F6A5   128676 128677 2
1F6A6          128678 1
1F6A7..1F6AD   128679 128685 2
1F6AE..1F6B1   128686 128689 2
1F6B2          128690 1
1F6B3..1F6B5   128691 128693 2
1F6B6          128694 1
1F6B7..1F6B8   128695 128696 2
1F6B9..1F6BE   128697 128702 2
1F6BF          128703 1
1F6C0          128704 1
1F6C1..1F6C5   128705 128709 2
1F6CC          128716 1
1F6D0          128720 1
1F6D1..1F6D2   128721 128722 2
1F6D5          128725 1
1F6D6..1F6D7   128726 128727 2
1F6EB..1F6EC   128747 128748 2
1F6F4..1F6F6   128756 128758 2
1F6F7..1F6F8   128759 128760 2
1F6F9          128761 1
1F6FA          128762 1
1F6FB..1F6FC   128763 128764 2
1F7E0..1F7EB   128992 129003 2
1F90C          129292 1
1F90D..1F90F   129293 129295 2
1F910..1F918   129296 129304 2
1F919..1F91E   129305 129310 2
1F91F          129311 1
1F920..1F927   129312 129319 2
1F928..1F92F   129320 129327 2
1F930          129328 1
1F931..1F932   129329 129330 2
1F933..1F93A   129331 129338 2
1F93C..1F93E   129340 129342 2
1F93F          129343 1
1F940..1F945   129344 129349 2
1F947..1F94B   129351 129355 2
1F94C          129356 1
1F94D..1F94F   129357 129359 2
1F950..1F95E   129360 129374 2
1F95F..1F96B   129375 129387 2
1F96C..1F970   129388 129392 2
1F971          129393 1
1F972          129394 1
1F973..1F976   129395 129398 2
1F977..1F978   129399 129400 2
1F97A          129402 1
1F97B          129403 1
1F97C..1F97F   129404 129407 2
1F980..1F984   129408 129412 2
1F985..1F991   129413 129425 2
1F992..1F997   129426 129431 2
1F998..1F9A2   129432 129442 2
1F9A3..1F9A4   129443 129444 2
1F9A5..1F9AA   129445 129450 2
1F9AB..1F9AD   129451 129453 2
1F9AE..1F9AF   129454 129455 2
1F9B0..1F9B9   129456 129465 2
1F9BA..1F9BF   129466 129471 2
1F9C0          129472 1
1F9C1..1F9C2   129473 129474 2
1F9C3..1F9CA   129475 129482 2
1F9CB          129483 1
1F9CD..1F9CF   129485 129487 2
1F9D0..1F9E6   129488 129510 2
1F9E7..1F9FF   129511 129535 2
1FA70..1FA73   129648 129651 2
1FA74          129652 1
1FA78..1FA7A   129656 129658 2
1FA80..1FA82   129664 129666 2
1FA83..1FA86   129667 129670 2
1FA90..1FA95   129680 129685 2
1FA96..1FAA8   129686 129704 2
1FAB0..1FAB6   129712 129718 2
1FAC0..1FAC2   129728 129730 2
1FAD0..1FAD6   129744 129750 2
1F3FB..1F3FF   127995 127999 2
261D           9757 1
26F9           9977 1
270A..270C     9994 9996 2
270D           9997 1
1F385          127877 1
1F3C2..1F3C4   127938 127940 2
1F3C7          127943 1
1F3CA          127946 1
1F3CB..1F3CC   127947 127948 2
1F442..1F443   128066 128067 2
1F446..1F450   128070 128080 2
1F466..1F46B   128102 128107 2
1F46C..1F46D   128108 128109 2
1F46E..1F478   128110 128120 2
1F47C          128124 1
1F481..1F483   128129 128131 2
1F485..1F487   128133 128135 2
1F48F          128143 1
1F491          128145 1
1F4AA          128170 1
1F574..1F575   128372 128373 2
1F57A          128378 1
1F590          128400 1
1F595..1F596   128405 128406 2
1F645..1F647   128581 128583 2
1F64B..1F64F   128587 128591 2
1F6A3          128675 1
1F6B4..1F6B5   128692 128693 2
1F6B6          128694 1
1F6C0          128704 1
1F6CC          128716 1
1F90C          129292 1
1F90F          129295 1
1F918          129304 1
1F919..1F91E   129305 129310 2
1F91F          129311 1
1F926          129318 1
1F930          129328 1
1F931..1F932   129329 129330 2
1F933..1F939   129331 129337 2
1F93C..1F93E   129340 129342 2
1F977          129399 1
1F9B5..1F9B6   129461 129462 2
1F9B8..1F9B9   129464 129465 2
1F9BB          129467 1
1F9CD..1F9CF   129485 129487 2
1F9D1..1F9DD   129489 129501 2
0023           35 1
002A           42 1
0030..0039     48 57 2
200D           8205 1
20E3           8419 1
FE0F           65039 1
1F1E6..1F1FF   127462 127487 2
1F3FB..1F3FF   127995 127999 2
1F9B0..1F9B3   129456 129459 2
E0020..E007F   917536 917631 2
00A9           169 1
00AE           174 1
203C           8252 1
2049           8265 1
2122           8482 1
2139           8505 1
2194..2199     8596 8601 2
21A9..21AA     8617 8618 2
231A..231B     8986 8987 2
2328           9000 1
2388           9096 1
23CF           9167 1
23E9..23EC     9193 9196 2
23ED..23EE     9197 9198 2
23EF           9199 1
23F0           9200 1
23F1..23F2     9201 9202 2
23F3           9203 1
23F8..23FA     9208 9210 2
24C2           9410 1
25AA..25AB     9642 9643 2
25B6           9654 1
25C0           9664 1
25FB..25FE     9723 9726 2
2600..2601     9728 9729 2
2602..2603     9730 9731 2
2604           9732 1
2605           9733 1
2607..260D     9735 9741 2
260E           9742 1
260F..2610     9743 9744 2
2611           9745 1
2612           9746 1
2614..2615     9748 9749 2
2616..2617     9750 9751 2
2618           9752 1
2619..261C     9753 9756 2
261D           9757 1
261E..261F     9758 9759 2
2620           9760 1
2621           9761 1
2622..2623     9762 9763 2
2624..2625     9764 9765 2
2626           9766 1
2627..2629     9767 9769 2
262A           9770 1
262B..262D     9771 9773 2
262E           9774 1
262F           9775 1
2630..2637     9776 9783 2
2638..2639     9784 9785 2
263A           9786 1
263B..263F     9787 9791 2
2640           9792 1
2641           9793 1
2642           9794 1
2643..2647     9795 9799 2
2648..2653     9800 9811 2
2654..265E     9812 9822 2
265F           9823 1
2660           9824 1
2661..2662     9825 9826 2
2663           9827 1
2664           9828 1
2665..2666     9829 9830 2
2667           9831 1
2668           9832 1
2669..267A     9833 9850 2
267B           9851 1
267C..267D     9852 9853 2
267E           9854 1
267F           9855 1
2680..2685     9856 9861 2
2690..2691     9872 9873 2
2692           9874 1
2693           9875 1
2694           9876 1
2695           9877 1
2696..2697     9878 9879 2
2698           9880 1
2699           9881 1
269A           9882 1
269B..269C     9883 9884 2
269D..269F     9885 9887 2
26A0..26A1     9888 9889 2
26A2..26A6     9890 9894 2
26A7           9895 1
26A8..26A9     9896 9897 2
26AA..26AB     9898 9899 2
26AC..26AF     9900 9903 2
26B0..26B1     9904 9905 2
26B2..26BC     9906 9916 2
26BD..26BE     9917 9918 2
26BF..26C3     9919 9923 2
26C4..26C5     9924 9925 2
26C6..26C7     9926 9927 2
26C8           9928 1
26C9..26CD     9929 9933 2
26CE           9934 1
26CF           9935 1
26D0           9936 1
26D1           9937 1
26D2           9938 1
26D3           9939 1
26D4           9940 1
26D5..26E8     9941 9960 2
26E9           9961 1
26EA           9962 1
26EB..26EF     9963 9967 2
26F0..26F1     9968 9969 2
26F2..26F3     9970 9971 2
26F4           9972 1
26F5           9973 1
26F6           9974 1
26F7..26F9     9975 9977 2
26FA           9978 1
26FB..26FC     9979 9980 2
26FD           9981 1
26FE..2701     9982 9985 2
2702           9986 1
2703..2704     9987 9988 2
2705           9989 1
2708..270C     9992 9996 2
270D           9997 1
270E           9998 1
270F           9999 1
2710..2711     10000 10001 2
2712           10002 1
2714           10004 1
2716           10006 1
271D           10013 1
2721           10017 1
2728           10024 1
2733..2734     10035 10036 2
2744           10052 1
2747           10055 1
274C           10060 1
274E           10062 1
2753..2755     10067 10069 2
2757           10071 1
2763           10083 1
2764           10084 1
2765..2767     10085 10087 2
2795..2797     10133 10135 2
27A1           10145 1
27B0           10160 1
27BF           10175 1
2934..2935     10548 10549 2
2B05..2B07     11013 11015 2
2B1B..2B1C     11035 11036 2
2B50           11088 1
2B55           11093 1
3030           12336 1
303D           12349 1
3297           12951 1
3299           12953 1
1F000..1F003   126976 126979 2
1F004          126980 1
1F005..1F0CE   126981 127182 2
1F0CF          127183 1
1F0D0..1F0FF   127184 127231 2
1F10D..1F10F   127245 127247 2
1F12F          127279 1
1F16C..1F16F   127340 127343 2
1F170..1F171   127344 127345 2
1F17E..1F17F   127358 127359 2
1F18E          127374 1
1F191..1F19A   127377 127386 2
1F1AD..1F1E5   127405 127461 2
1F201..1F202   127489 127490 2
1F203..1F20F   127491 127503 2
1F21A          127514 1
1F22F          127535 1
1F232..1F23A   127538 127546 2
1F23C..1F23F   127548 127551 2
1F249..1F24F   127561 127567 2
1F250..1F251   127568 127569 2
1F252..1F2FF   127570 127743 2
1F300..1F30C   127744 127756 2
1F30D..1F30E   127757 127758 2
1F30F          127759 1
1F310          127760 1
1F311          127761 1
1F312          127762 1
1F313..1F315   127763 127765 2
1F316..1F318   127766 127768 2
1F319          127769 1
1F31A          127770 1
1F31B          127771 1
1F31C          127772 1
1F31D..1F31E   127773 127774 2
1F31F..1F320   127775 127776 2
1F321          127777 1
1F322..1F323   127778 127779 2
1F324..1F32C   127780 127788 2
1F32D..1F32F   127789 127791 2
1F330..1F331   127792 127793 2
1F332..1F333   127794 127795 2
1F334..1F335   127796 127797 2
1F336          127798 1
1F337..1F34A   127799 127818 2
1F34B          127819 1
1F34C..1F34F   127820 127823 2
1F350          127824 1
1F351..1F37B   127825 127867 2
1F37C          127868 1
1F37D          127869 1
1F37E..1F37F   127870 127871 2
1F380..1F393   127872 127891 2
1F394..1F395   127892 127893 2
1F396..1F397   127894 127895 2
1F398          127896 1
1F399..1F39B   127897 127899 2
1F39C..1F39D   127900 127901 2
1F39E..1F39F   127902 127903 2
1F3A0..1F3C4   127904 127940 2
1F3C5          127941 1
1F3C6          127942 1
1F3C7          127943 1
1F3C8          127944 1
1F3C9          127945 1
1F3CA          127946 1
1F3CB..1F3CE   127947 127950 2
1F3CF..1F3D3   127951 127955 2
1F3D4..1F3DF   127956 127967 2
1F3E0..1F3E3   127968 127971 2
1F3E4          127972 1
1F3E5..1F3F0   127973 127984 2
1F3F1..1F3F2   127985 127986 2
1F3F3          127987 1
1F3F4          127988 1
1F3F5          127989 1
1F3F6          127990 1
1F3F7          127991 1
1F3F8..1F3FA   127992 127994 2
1F400..1F407   128000 128007 2
1F408          128008 1
1F409..1F40B   128009 128011 2
1F40C..1F40E   128012 128014 2
1F40F..1F410   128015 128016 2
1F411..1F412   128017 128018 2
1F413          128019 1
1F414          128020 1
1F415          128021 1
1F416          128022 1
1F417..1F429   128023 128041 2
1F42A          128042 1
1F42B..1F43E   128043 128062 2
1F43F          128063 1
1F440          128064 1
1F441          128065 1
1F442..1F464   128066 128100 2
1F465          128101 1
1F466..1F46B   128102 128107 2
1F46C..1F46D   128108 128109 2
1F46E..1F4AC   128110 128172 2
1F4AD          128173 1
1F4AE..1F4B5   128174 128181 2
1F4B6..1F4B7   128182 128183 2
1F4B8..1F4EB   128184 128235 2
1F4EC..1F4ED   128236 128237 2
1F4EE          128238 1
1F4EF          128239 1
1F4F0..1F4F4   128240 128244 2
1F4F5          128245 1
1F4F6..1F4F7   128246 128247 2
1F4F8          128248 1
1F4F9..1F4FC   128249 128252 2
1F4FD          128253 1
1F4FE          128254 1
1F4FF..1F502   128255 128258 2
1F503          128259 1
1F504..1F507   128260 128263 2
1F508          128264 1
1F509          128265 1
1F50A..1F514   128266 128276 2
1F515          128277 1
1F516..1F52B   128278 128299 2
1F52C..1F52D   128300 128301 2
1F52E..1F53D   128302 128317 2
1F546..1F548   128326 128328 2
1F549..1F54A   128329 128330 2
1F54B..1F54E   128331 128334 2
1F54F          128335 1
1F550..1F55B   128336 128347 2
1F55C..1F567   128348 128359 2
1F568..1F56E   128360 128366 2
1F56F..1F570   128367 128368 2
1F571..1F572   128369 128370 2
1F573..1F579   128371 128377 2
1F57A          128378 1
1F57B..1F586   128379 128390 2
1F587          128391 1
1F588..1F589   128392 128393 2
1F58A..1F58D   128394 128397 2
1F58E..1F58F   128398 128399 2
1F590          128400 1
1F591..1F594   128401 128404 2
1F595..1F596   128405 128406 2
1F597..1F5A3   128407 128419 2
1F5A4          128420 1
1F5A5          128421 1
1F5A6..1F5A7   128422 128423 2
1F5A8          128424 1
1F5A9..1F5B0   128425 128432 2
1F5B1..1F5B2   128433 128434 2
1F5B3..1F5BB   128435 128443 2
1F5BC          128444 1
1F5BD..1F5C1   128445 128449 2
1F5C2..1F5C4   128450 128452 2
1F5C5..1F5D0   128453 128464 2
1F5D1..1F5D3   128465 128467 2
1F5D4..1F5DB   128468 128475 2
1F5DC..1F5DE   128476 128478 2
1F5DF..1F5E0   128479 128480 2
1F5E1          128481 1
1F5E2          128482 1
1F5E3          128483 1
1F5E4..1F5E7   128484 128487 2
1F5E8          128488 1
1F5E9..1F5EE   128489 128494 2
1F5EF          128495 1
1F5F0..1F5F2   128496 128498 2
1F5F3          128499 1
1F5F4..1F5F9   128500 128505 2
1F5FA          128506 1
1F5FB..1F5FF   128507 128511 2
1F600          128512 1
1F601..1F606   128513 128518 2
1F607..1F608   128519 128520 2
1F609..1F60D   128521 128525 2
1F60E          128526 1
1F60F          128527 1
1F610          128528 1
1F611          128529 1
1F612..1F614   128530 128532 2
1F615          128533 1
1F616          128534 1
1F617          128535 1
1F618          128536 1
1F619          128537 1
1F61A          128538 1
1F61B          128539 1
1F61C..1F61E   128540 128542 2
1F61F          128543 1
1F620..1F625   128544 128549 2
1F626..1F627   128550 128551 2
1F628..1F62B   128552 128555 2
1F62C          128556 1
1F62D          128557 1
1F62E..1F62F   128558 128559 2
1F630..1F633   128560 128563 2
1F634          128564 1
1F635          128565 1
1F636          128566 1
1F637..1F640   128567 128576 2
1F641..1F644   128577 128580 2
1F645..1F64F   128581 128591 2
1F680          128640 1
1F681..1F682   128641 128642 2
1F683..1F685   128643 128645 2
1F686          128646 1
1F687          128647 1
1F688          128648 1
1F689          128649 1
1F68A..1F68B   128650 128651 2
1F68C          128652 1
1F68D          128653 1
1F68E          128654 1
1F68F          128655 1
1F690          128656 1
1F691..1F693   128657 128659 2
1F694          128660 1
1F695          128661 1
1F696          128662 1
1F697          128663 1
1F698          128664 1
1F699..1F69A   128665 128666 2
1F69B..1F6A1   128667 128673 2
1F6A2          128674 1
1F6A3          128675 1
1F6A4..1F6A5   128676 128677 2
1F6A6          128678 1
1F6A7..1F6AD   128679 128685 2
1F6AE..1F6B1   128686 128689 2
1F6B2          128690 1
1F6B3..1F6B5   128691 128693 2
1F6B6          128694 1
1F6B7..1F6B8   128695 128696 2
1F6B9..1F6BE   128697 128702 2
1F6BF          128703 1
1F6C0          128704 1
1F6C1..1F6C5   128705 128709 2
1F6C6..1F6CA   128710 128714 2
1F6CB          128715 1
1F6CC          128716 1
1F6CD..1F6CF   128717 128719 2
1F6D0          128720 1
1F6D1..1F6D2   128721 128722 2
1F6D3..1F6D4   128723 128724 2
1F6D5          128725 1
1F6D6..1F6D7   128726 128727 2
1F6D8..1F6DF   128728 128735 2
1F6E0..1F6E5   128736 128741 2
1F6E6..1F6E8   128742 128744 2
1F6E9          128745 1
1F6EA          128746 1
1F6EB..1F6EC   128747 128748 2
1F6ED..1F6EF   128749 128751 2
1F6F0          128752 1
1F6F1..1F6F2   128753 128754 2
1F6F3          128755 1
1F6F4..1F6F6   128756 128758 2
1F6F7..1F6F8   128759 128760 2
1F6F9          128761 1
1F6FA          128762 1
1F6FB..1F6FC   128763 128764 2
1F6FD..1F6FF   128765 128767 2
1F774..1F77F   128884 128895 2
1F7D5..1F7DF   128981 128991 2
1F7E0..1F7EB   128992 129003 2
1F7EC..1F7FF   129004 129023 2
1F80C..1F80F   129036 129039 2
1F848..1F84F   129096 129103 2
1F85A..1F85F   129114 129119 2
1F888..1F88F   129160 129167 2
1F8AE..1F8FF   129198 129279 2
1F90C          129292 1
1F90D..1F90F   129293 129295 2
1F910..1F918   129296 129304 2
1F919..1F91E   129305 129310 2
1F91F          129311 1
1F920..1F927   129312 129319 2
1F928..1F92F   129320 129327 2
1F930          129328 1
1F931..1F932   129329 129330 2
1F933..1F93A   129331 129338 2
1F93C..1F93E   129340 129342 2
1F93F          129343 1
1F940..1F945   129344 129349 2
1F947..1F94B   129351 129355 2
1F94C          129356 1
1F94D..1F94F   129357 129359 2
1F950..1F95E   129360 129374 2
1F95F..1F96B   129375 129387 2
1F96C..1F970   129388 129392 2
1F971          129393 1
1F972          129394 1
1F973..1F976   129395 129398 2
1F977..1F978   129399 129400 2
1F979          129401 1
1F97A          129402 1
1F97B          129403 1
1F97C..1F97F   129404 129407 2
1F980..1F984   129408 129412 2
1F985..1F991   129413 129425 2
1F992..1F997   129426 129431 2
1F998..1F9A2   129432 129442 2
1F9A3..1F9A4   129443 129444 2
1F9A5..1F9AA   129445 129450 2
1F9AB..1F9AD   129451 129453 2
1F9AE..1F9AF   129454 129455 2
1F9B0..1F9B9   129456 129465 2
1F9BA..1F9BF   129466 129471 2
1F9C0          129472 1
1F9C1..1F9C2   129473 129474 2
1F9C3..1F9CA   129475 129482 2
1F9CB          129483 1
1F9CC          129484 1
1F9CD..1F9CF   129485 129487 2
1F9D0..1F9E6   129488 129510 2
1F9E7..1F9FF   129511 129535 2
1FA00..1FA6F   129536 129647 2
1FA70..1FA73   129648 129651 2
1FA74          129652 1
1FA75..1FA77   129653 129655 2
1FA78..1FA7A   129656 129658 2
1FA7B..1FA7F   129659 129663 2
1FA80..1FA82   129664 129666 2
1FA83..1FA86   129667 129670 2
1FA87..1FA8F   129671 129679 2
1FA90..1FA95   129680 129685 2
1FA96..1FAA8   129686 129704 2
1FAA9..1FAAF   129705 129711 2
1FAB0..1FAB6   129712 129718 2
1FAB7..1FABF   129719 129727 2
1FAC0..1FAC2   129728 129730 2
1FAC3..1FACF   129731 129743 2
1FAD0..1FAD6   129744 129750 2
1FAD7..1FAFF   129751 129791 2
1FC00..1FFFD   130048 131069 2
